1 -280.79
2 -253.76
3 -191.90
4 -175.44
5 -162.29
6 -150.11
7 -139.52
8 -140.86
9 -135.67
10 -161.64
11 -149.89
12 -155.69
13 -170.63
14 -173.98
15 -173.85
16 -172.03
17 -159.53
18 -156.12
19 -155.45
20 -152.78
21 -154.58
22 -150.26
23 -150.21
24 -158.17
25 -168.91
26 -166.12
27 -163.15
28 -169.11
29 -166.42
30 -180.55
31 -179.84
32 -186.73
33 -183.53
34 -182.26
35 -179.29
36 -176.41
37 -184.90
38 -188.10
39 -188.32
40 -185.86
41 -192.02
42 -188.19
43 -190.66
44 -185.72
45 -184.44
46 -190.01
47 -188.18
48 -188.13
49 -185.98
50 -189.25
51 -192.68
52 -190.43
53 -190.16
54 -192.92
55 -194.48
56 -194.92
57 -191.99
58 -192.18
59 -190.03
60 -188.67
61 -186.60
62 -186.93
63 -185.00
64 -188.56
65 -188.52
66 -187.88
67 -186.37
68 -185.18
69 -186.67
70 -187.48
71 -184.93
72 -187.73
73 -187.87
74 -188.69
75 -189.27
76 -188.78
77 -189.09
78 -189.10
79 -190.36
80 -193.63
81 -195.39
82 -194.24
83 -195.15
84 -195.08
85 -195.40
86 -194.29
87 -195.82
88 -195.95
89 -194.86
90 -194.48
91 -192.72
92 -193.22
93 -192.90
94 -191.24
95 -191.22
96 -190.99
97 -190.83
98 -190.01
99 -189.87
100 -188.74
101 -186.19
102 -186.03
103 -185.31
104 -187.32
105 -187.36
106 -187.87
107 -190.42
108 -190.23
109 -190.65
110 -188.84
111 -188.30
112 -187.05
113 -187.19
114 -186.72
115 -187.32
116 -186.78
117 -189.21
118 -189.07
119 -189.26
120 -190.01
121 -190.37
122 -191.23
123 -190.84
124 -189.78
125 -186.48
126 -187.85
127 -190.38
128 -190.57
129 -192.16
130 -187.20
131 -190.20
132 -187.73
133 -189.05
134 -188.87
135 -189.37
136 -190.52
137 -187.59
138 -185.55
139 -184.64
140 -185.97
141 -183.00
142 -184.38
143 -183.03
144 -186.27
145 -185.88
146 -183.18
147 -182.33
148 -183.71
149 -184.30
150 -181.69
151 -180.75
152 -182.35
153 -181.72
154 -181.36
155 -180.67
156 -178.79
157 -179.73
158 -178.43
159 -178.67
160 -179.90
161 -180.13
162 -180.35
163 -183.13
164 -181.63
165 -181.15
166 -182.96
167 -183.41
168 -183.45
169 -184.29
170 -182.96
171 -184.00
172 -183.45
173 -182.75
174 -181.14
175 -179.40
176 -181.76
177 -179.65
178 -178.31
179 -176.87
180 -173.21
181 -170.67
182 -172.25
183 -172.27
184 -171.61
185 -172.38
186 -172.43
187 -170.41
188 -169.57
189 -169.57
190 -170.62
191 -171.76
192 -171.16
193 -170.81
194 -171.38
195 -170.13
196 -169.43
197 -170.36
198 -170.15
199 -169.21
200 -169.41
201 -169.87
202 -168.81
203 -169.99
204 -167.61
205 -167.07
206 -166.78
207 -164.07
208 -163.27
209 -162.38
210 -161.38
211 -164.51
212 -163.76
213 -160.25
214 -162.01
215 -160.74
216 -160.54
217 -160.41
218 -160.43
219 -161.13
220 -160.03
221 -158.45
222 -160.76
223 -161.42
224 -159.61
225 -159.22
226 -159.36
227 -156.04
228 -155.06
229 -153.57
230 -152.79
231 -149.73
232 -148.12
233 -146.84
234 -145.42
235 -144.74
236 -143.43
237 -141.29
238 -139.98
239 -139.40
240 -137.06
241 -135.71
242 -133.48
243 -133.19
244 -129.86
245 -128.91
246 -127.47
247 -128.00
248 -124.88
249 -126.59
250 -125.92
251 -123.54
252 -121.43
253 -120.51
254 -117.83
255 -115.47
256 -115.45
257 -117.27
258 -116.94
259 -116.29
260 -113.70
261 -112.83
262 -110.37
263 -106.98
264 -105.70
265 -104.30
266 -102.95
267 -101.55
268 -101.76
269 -99.85
270 -99.07
271 -100.06
272 -96.83
273 -96.34
274 -95.82
275 -95.28
276 -91.75
277 -92.55
278 -92.24
279 -91.69
280 -92.71
281 -97.63
282 -95.66
283 -94.20
284 -94.23
285 -91.18
286 -93.56
287 -95.28
288 -96.67
289 -95.68
290 -93.17
291 -91.83
292 -90.75
293 -89.38
294 -88.56
295 -88.15
296 -87.51
297 -86.84
298 -86.03
299 -85.04
300 -84.31
301 -84.10
302 -83.58
303 -83.38
304 -83.40
305 -83.00
306 -82.32
307 -81.96
308 -82.10
309 -81.93
310 -81.09
311 -78.89
312 -79.52
313 -79.60
314 -76.68
315 -76.13
316 -75.91
317 -74.53
318 -74.51
319 -72.76
320 -73.33
321 -73.18
322 -69.58
323 -68.31
324 -67.66
325 -67.40
326 -65.39
327 -65.99
328 -63.81
329 -64.00
330 -64.61
331 -63.07
332 -63.94
333 -63.14
334 -63.58
335 -63.38
336 -62.78
337 -63.13
338 -64.38
339 -63.89
340 -64.46
341 -65.08
342 -65.47
343 -64.30
344 -65.16
345 -65.29
346 -65.31
347 -65.38
348 -65.34
349 -62.90
350 -62.77
351 -63.28
352 -63.01
353 -63.00
354 -62.51
355 -63.24
356 -62.87
357 -60.36
358 -60.72
359 -60.60
360 -60.57
361 -61.20
362 -62.20
363 -62.53
364 -61.74
365 -62.19
366 -60.25
367 -60.50
368 -60.07
369 -58.17
370 -58.26
371 -56.21
372 -56.11
373 -55.55
374 -55.42
375 -55.65
376 -55.63
377 -55.69
378 -55.51
379 -54.61
380 -53.08
381 -47.77
382 -47.07
383 -45.90
384 -45.09
385 -45.38
386 -42.64
387 -39.70
388 -37.22
389 -37.27
390 -37.15
391 -37.60
392 -37.09
393 -37.26
394 -37.46
395 -37.14
396 -36.52
397 -35.50
398 -35.28
399 -35.69
400 -35.84
401 -35.92
402 -36.02
403 -35.64
404 -35.38
405 -35.31
406 -35.36
407 -35.03
408 -34.15
409 -33.90
410 -33.46
411 -32.72
412 -32.48
413 -32.10
414 -32.05
415 -31.50
416 -30.98
417 -30.38
418 -29.84
419 -29.04
420 -27.21
421 -26.93
422 -27.02
423 -26.71
424 -27.29
425 -27.18
426 -26.98
427 -26.51
428 -26.38
429 -25.10
430 -24.59
431 -24.73
432 -24.36
433 -24.68
434 -24.62
435 -24.47
436 -24.37
437 -24.41
438 -23.82
439 -23.93
440 -24.29
441 -23.63
442 -23.95
443 -24.02
444 -23.34
445 -24.05
446 -24.06
447 -23.97
448 -24.09
449 -23.60
450 -23.93
451 -23.36
452 -23.59
453 -23.64
454 -24.00
455 -23.65
456 -23.89
457 -23.46
458 -24.51
459 -24.40
460 -24.74
461 -24.66
462 -23.99
463 -23.39
464 -23.37
465 -23.68
466 -23.47
467 -23.47
468 -22.79
469 -22.84
470 -23.74
471 -23.49
472 -24.21
473 -24.11
474 -24.15
475 -23.81
476 -23.40
477 -22.91
478 -23.17
479 -23.23
480 -22.89
481 -22.93
482 -23.19
483 -23.23
484 -24.02
485 -24.39
486 -23.49
487 -23.68
488 -23.54
489 -23.92
490 -24.20
491 -23.78
492 -24.05
493 -23.72
494 -24.48
495 -24.32
496 -24.79
497 -23.74
498 -24.29
499 -24.16
500 -23.77
501 -23.34
502 -23.31
503 -23.18
504 -22.27
505 -22.38
506 -21.84
507 -22.49
508 -22.81
509 -22.91
510 -22.96
511 -23.34
512 -24.99
513 -25.24
514 -24.58
515 -24.69
516 -25.22
517 -25.39
518 -25.15
519 -25.73
520 -26.53
521 -26.69
522 -26.53
523 -26.22
524 -25.32
525 -24.82
526 -24.57
527 -24.57
528 -24.87
529 -24.99
530 -24.72
531 -26.07
532 -25.77
533 -25.42
534 -24.80
535 -24.65
536 -24.47
537 -24.39
538 -23.95
539 -23.54
540 -22.55
541 -22.27
542 -22.18
543 -21.94
544 -21.78
545 -20.76
546 -20.72
547 -19.86
548 -19.51
549 -19.68
550 -19.24
551 -18.99
552 -18.81
553 -18.57
554 -18.57
555 -18.62
556 -18.80
557 -18.59
558 -16.84
559 -16.47
560 -16.49
561 -16.07
562 -17.41
563 -17.60
564 -16.90
565 -16.34
566 -16.64
567 -16.31
568 -16.43
569 -16.74
570 -15.41
571 -15.27
572 -14.53
573 -14.47
574 -14.43
575 -14.58
576 -14.70
577 -14.17
578 -14.08
579 -14.07
580 -13.55
581 -13.03
582 -12.74
583 -12.39
584 -10.90
585 -10.66
586 -10.94
587 -10.20
588 -9.91
589 -9.39
590 -8.98
591 -8.59
592 -7.82
593 -7.71
594 -6.49
595 -6.53
596 -5.77
597 -5.99
598 -5.29
599 -3.62
600 -3.60
601 -2.42
602 -0.06
603 1.95
604 3.39
605 5.40
606 7.12
607 8.00
608 8.71
609 8.96
610 10.33
611 11.62
612 15.49
613 17.31
614 18.89
615 19.05
616 19.79
617 19.92
618 21.29
619 24.17
620 25.63
621 25.55
622 25.45
623 26.78
624 27.87
625 29.87
626 31.87
627 33.76
628 35.90
629 38.13
630 40.25
631 43.86
632 45.41
633 47.24
634 48.24
635 50.13
636 51.57
637 53.54
638 53.74
639 53.50
640 55.62
641 57.40
642 57.68
643 59.26
644 61.42
645 63.28
646 65.67
647 67.64
648 69.45
649 70.92
650 72.64
651 74.22
652 76.49
653 78.21
654 80.09
655 81.87
656 84.20
657 85.83
658 87.75
659 89.10
660 89.13
661 88.91
662 92.46
663 92.39
664 93.76
665 96.12
666 98.43
667 100.19
668 102.02
669 103.78
670 106.33
671 107.75
672 109.20
673 111.24
674 113.45
675 115.21
676 117.35
677 118.84
678 119.83
679 121.22
680 121.76
681 124.57
682 127.09
683 127.84
684 129.79
685 130.95
686 132.91
687 134.04
688 135.64
689 135.38
690 137.24
691 139.44
692 141.05
693 142.47
694 144.85
695 145.98
696 147.49
697 149.96
698 151.06
699 151.17
700 152.47
701 153.74
702 154.35
703 154.77
704 154.49
705 154.61
706 154.11
707 155.75
708 154.80
709 157.10
710 157.51
711 157.45
712 156.56
713 157.34
714 158.09
715 160.67
716 162.72
717 164.19
718 164.45
719 164.35
720 162.89
721 163.62
722 165.46
723 165.23
724 165.97
725 164.06
726 164.14
727 164.57
728 164.90
729 164.58
730 162.28
731 162.17
732 162.89
733 163.20
734 163.72
735 162.12
736 162.19
737 162.14
738 163.40
739 162.92
740 160.24
741 160.41
742 162.06
743 161.89
744 160.77
745 158.14
746 157.37
747 154.39
748 154.11
749 154.22
750 152.34
751 152.65
752 153.05
753 153.54
754 153.36
755 154.33
756 153.47
757 154.18
758 153.91
759 153.64
760 155.85
761 158.60
762 158.22
763 160.43
764 159.81
765 159.05
766 159.10
767 159.27
768 160.10
769 160.96
770 160.50
771 160.80
772 160.73
773 161.01
774 160.56
775 160.05
776 160.00
777 160.71
778 161.59
779 161.37
780 162.63
781 162.08
782 161.41
783 162.23
784 161.51
785 162.49
786 162.45
787 162.85
788 162.83
789 164.02
790 164.25
791 163.02
792 162.93
793 163.08
794 162.96
795 164.26
796 163.66
797 163.27
798 164.50
799 162.15
800 163.07
801 161.99
802 159.43
803 159.80
804 159.51
805 159.47
806 160.65
807 160.97
808 162.44
809 161.76
810 161.84
811 163.30
812 164.74
813 163.52
814 163.38
815 163.10
816 162.92
817 162.95
818 163.81
819 163.72
820 165.97
821 167.59
822 168.40
823 169.22
824 169.28
825 171.16
826 171.29
827 171.58
828 172.12
829 172.17
830 174.27
831 174.18
832 174.41
833 174.76
834 175.63
835 177.89
836 178.18
837 178.12
838 178.14
839 180.19
840 182.87
841 183.03
842 180.84
843 181.57
844 181.88
845 184.77
846 185.45
847 189.15
848 189.25
849 190.51
850 192.66
851 192.73
852 192.39
853 192.44
854 190.93
855 189.79
856 190.54
857 190.38
858 191.16
859 192.01
860 192.03
861 192.43
862 192.56
863 191.99
864 193.22
865 194.44
866 194.58
867 194.11
868 194.02
869 194.02
870 193.66
871 193.79
872 193.90
873 194.40
874 194.81
875 196.22
876 196.60
877 196.43
878 197.15
879 198.30
880 197.65
881 197.76
882 198.19
883 197.17
884 198.37
885 198.84
886 199.27
887 198.87
888 198.88
889 199.94
890 199.70
891 201.09
892 201.32
893 201.80
894 200.88
895 200.32
896 201.00
897 201.73
898 201.68
899 204.84
900 205.00
901 206.39
902 209.18
903 209.40
904 209.71
905 210.54
906 210.22
907 210.62
908 211.65
909 212.32
910 213.29
911 213.67
912 213.76
913 211.94
914 211.52
915 210.85
916 211.55
917 212.11
918 212.36
919 212.60
920 212.46
921 212.37
922 212.05
923 212.23
924 212.14
925 212.29
926 211.91
927 211.35
928 210.42
929 211.26
930 211.32
931 211.76
932 211.78
933 211.90
934 211.35
935 211.19
936 211.44
937 212.04
938 212.78
939 211.25
940 210.79
941 207.80
942 210.05
943 209.64
944 210.57
945 210.18
946 210.85
947 210.25
948 211.20
949 210.60
950 210.72
951 210.67
952 210.45
953 210.94
954 212.69
955 213.38
956 213.71
957 212.94
958 212.65
959 213.17
960 213.41
961 212.98
962 213.58
963 214.17
964 214.06
965 213.49
966 213.14
967 213.64
968 213.99
969 213.66
970 214.21
971 214.27
972 215.03
973 213.86
974 214.24
975 214.24
976 214.18
977 214.25
978 214.69
979 214.67
980 215.58
981 214.94
982 214.93
983 215.75
984 214.85
985 215.39
986 215.03
987 216.39
988 216.54
989 216.42
990 217.10
991 217.20
992 217.15
993 216.75
994 217.95
995 218.44
996 218.36
997 218.04
998 218.36
999 218.51
1000 218.02
1001 217.80
1002 217.55
1003 217.38
1004 215.82
1005 215.39
1006 214.75
1007 213.98
1008 213.87
1009 213.83
1010 213.63
1011 212.96
1012 212.71
1013 213.12
1014 213.56
1015 214.28
1016 213.65
1017 213.82
1018 213.39
1019 213.03
1020 213.37
1021 212.24
1022 212.13
1023 212.65
1024 213.13
1025 212.93
1026 213.45
1027 214.33
1028 215.44
1029 214.44
1030 214.63
1031 215.26
1032 214.87
1033 214.94
1034 215.21
1035 215.79
1036 215.58
1037 215.50
1038 215.05
1039 217.48
1040 218.47
1041 221.04
1042 221.79
1043 221.95
1044 221.38
1045 222.21
1046 221.77
1047 222.04
1048 221.09
1049 221.89
1050 222.55
1051 223.41
1052 223.85
1053 223.18
1054 223.75
1055 224.03
1056 224.20
1057 225.12
1058 225.65
1059 225.75
1060 225.31
1061 225.63
1062 226.01
1063 226.30
1064 226.03
1065 226.34
1066 226.31
1067 226.77
1068 226.37
1069 227.27
1070 227.64
1071 228.13
1072 228.60
1073 229.45
1074 229.71
1075 229.10
1076 229.26
1077 229.09
1078 228.50
1079 228.64
1080 228.06
1081 229.16
1082 228.97
1083 230.07
1084 230.58
1085 227.38
1086 227.74
1087 227.19
1088 227.41
1089 228.07
1090 227.59
1091 227.82
1092 228.28
1093 228.59
1094 228.63
1095 228.43
1096 228.31
1097 228.85
1098 228.37
1099 226.99
1100 227.28
1101 227.69
1102 228.02
1103 228.00
1104 230.20
1105 230.47
1106 231.17
1107 231.19
1108 231.56
1109 231.51
1110 231.27
1111 231.68
1112 231.79
1113 234.43
1114 234.37
1115 234.58
1116 234.90
1117 234.45
1118 234.09
1119 234.62
1120 234.39
1121 236.30
1122 236.82
1123 236.79
1124 236.81
1125 236.76
1126 236.68
1127 236.70
1128 237.03
1129 237.96
1130 238.74
1131 237.97
1132 238.49
1133 238.26
1134 238.02
1135 237.94
1136 238.15
1137 238.00
1138 238.65
1139 238.98
1140 238.97
1141 239.45
1142 239.40
1143 239.66
1144 239.93
1145 238.89
1146 239.07
1147 238.74
1148 239.22
1149 239.14
1150 238.98
1151 238.53
1152 238.68
1153 236.61
1154 237.01
1155 237.03
1156 237.19
1157 237.14
1158 237.04
1159 236.62
1160 237.60
1161 237.80
1162 237.32
1163 237.60
1164 238.99
1165 239.31
1166 239.07
1167 238.91
1168 236.73
1169 236.29
1170 236.44
1171 236.44
1172 235.72
1173 235.96
1174 235.78
1175 236.09
1176 233.19
1177 233.75
1178 234.34
1179 234.65
1180 235.40
1181 234.60
1182 235.30
1183 235.21
1184 235.61
1185 238.51
1186 238.63
1187 238.44
1188 238.81
1189 239.12
1190 236.74
1191 233.42
1192 233.77
1193 234.20
1194 234.02
1195 233.00
1196 233.94
1197 232.88
1198 233.21
1199 234.84
1200 235.46
1201 235.07
1202 234.94
1203 235.36
1204 232.73
1205 232.22
1206 232.10
1207 232.94
1208 233.20
1209 233.42
1210 233.20
1211 233.51
1212 234.24
1213 233.51
1214 233.78
1215 233.87
1216 233.67
1217 233.96
1218 234.49
1219 234.38
1220 235.14
1221 235.43
1222 235.00
1223 235.11
1224 234.80
1225 235.38
1226 235.17
1227 235.39
1228 235.06
1229 234.63
1230 234.40
1231 235.06
1232 235.28
1233 235.18
1234 235.57
1235 235.40
1236 235.40
1237 235.42
1238 235.22
1239 234.51
1240 234.51
1241 234.86
1242 234.38
1243 234.90
1244 234.73
1245 235.59
1246 235.77
1247 235.63
1248 233.05
1249 232.90
1250 232.87
1251 233.17
1252 232.84
1253 235.12
1254 231.51
1255 228.73
1256 228.67
1257 229.00
1258 229.26
1259 229.36
1260 229.30
1261 229.06
1262 228.93
1263 225.88
1264 222.53
1265 222.19
1266 222.75
1267 222.75
1268 225.61
1269 225.48
1270 221.88
1271 222.01
1272 222.00
1273 220.45
1274 220.64
1275 220.76
1276 220.75
1277 220.32
1278 220.24
1279 220.17
1280 219.44
1281 220.20
1282 216.48
1283 216.77
1284 213.72
1285 213.85
1286 213.97
1287 214.22
1288 214.33
1289 213.92
1290 213.76
1291 216.88
1292 216.62
1293 216.55
1294 216.45
1295 217.64
1296 217.24
1297 218.19
1298 217.73
1299 217.68
1300 217.69
1301 218.10
1302 218.07
1303 215.41
1304 218.80
1305 219.39
1306 219.64
1307 218.13
1308 217.91
1309 218.24
1310 218.42
1311 215.40
1312 215.20
1313 216.03
1314 213.24
1315 213.42
1316 213.82
1317 211.06
1318 209.77
1319 207.23
1320 207.10
1321 206.92
1322 205.92
1323 205.74
1324 205.91
1325 205.84
1326 206.59
1327 206.57
1328 205.07
1329 205.55
1330 205.32
1331 205.04
1332 204.79
1333 205.01
1334 204.24
1335 204.18
1336 204.35
1337 204.74
1338 204.41
1339 205.23
1340 204.59
1341 204.42
1342 204.92
1343 204.86
1344 205.04
1345 204.96
1346 204.69
1347 204.96
1348 208.06
1349 208.29
1350 208.14
1351 207.44
1352 207.88
1353 207.96
1354 211.41
1355 213.93
1356 213.88
1357 213.74
1358 213.24
1359 213.07
1360 213.07
1361 212.76
1362 212.96
1363 215.48
1364 218.30
1365 218.40
1366 218.47
1367 218.26
1368 218.12
1369 218.63
1370 221.68
1371 221.25
1372 220.74
1373 222.03
1374 221.79
1375 222.18
1376 225.21
1377 225.68
1378 224.08
1379 224.17
1380 224.47
1381 224.25
1382 227.69
1383 226.88
1384 229.89
1385 229.82
1386 230.12
1387 230.08
1388 229.50
1389 229.53
1390 229.68
1391 229.36
1392 229.70
1393 229.49
1394 229.56
1395 229.85
1396 230.18
1397 230.31
1398 230.36
1399 229.98
1400 229.52
1401 229.35
1402 228.41
1403 230.81
1404 230.72
1405 230.55
1406 230.93
1407 232.20
1408 232.55
1409 231.88
1410 231.66
1411 234.14
1412 233.92
1413 233.87
1414 236.77
1415 236.50
1416 236.56
1417 239.59
1418 241.32
1419 243.64
1420 243.56
1421 243.38
1422 245.17
1423 244.80
1424 244.98
1425 244.48
1426 244.48
1427 244.45
1428 245.87
1429 245.89
1430 245.88
1431 245.45
1432 245.44
1433 245.26
1434 246.25
1435 246.48
1436 246.76
1437 247.10
1438 248.04
1439 247.36
1440 247.93
1441 247.81
1442 247.39
1443 247.54
1444 247.96
1445 247.97
1446 248.07
1447 248.29
1448 247.85
1449 247.70
1450 247.63
1451 247.84
1452 247.91
1453 248.27
1454 248.66
1455 249.10
1456 249.40
1457 249.02
1458 249.63
1459 249.76
1460 249.68
1461 249.88
1462 250.28
1463 250.63
1464 250.69
1465 250.81
1466 250.78
1467 250.94
1468 251.08
1469 251.20
1470 249.26
1471 249.35
1472 250.46
1473 250.36
1474 250.86
1475 250.85
1476 250.98
1477 250.49
1478 251.93
1479 251.60
1480 251.56
1481 251.48
1482 251.29
1483 252.07
1484 252.25
1485 252.17
1486 251.88
1487 251.35
1488 251.47
1489 251.05
1490 254.02
1491 254.35
1492 254.39
1493 254.24
1494 254.22
1495 254.00
1496 253.85
1497 253.43
1498 254.06
1499 254.59
1500 254.70
