1 -280.79
2 -253.76
3 -191.90
4 -175.44
5 -162.29
6 -150.11
7 -139.52
8 -140.86
9 -135.67
10 -161.64
11 -149.89
12 -155.69
13 -170.63
14 -173.98
15 -173.85
16 -172.03
17 -159.53
18 -156.12
19 -155.45
20 -152.78
21 -154.58
22 -150.26
23 -150.21
24 -158.17
25 -169.37
26 -166.74
27 -163.22
28 -162.83
29 -159.63
30 -160.99
31 -169.74
32 -168.47
33 -166.84
34 -169.60
35 -167.85
36 -166.46
37 -163.32
38 -167.62
39 -171.36
40 -167.97
41 -176.39
42 -174.78
43 -176.77
44 -175.49
45 -179.64
46 -179.50
47 -181.66
48 -184.66
49 -186.54
50 -184.58
51 -186.29
52 -184.33
53 -184.25
54 -183.89
55 -184.56
56 -187.17
57 -188.31
58 -192.91
59 -195.40
60 -193.18
61 -191.03
62 -188.96
63 -193.88
64 -198.93
65 -204.40
66 -202.08
67 -202.21
68 -203.28
69 -205.47
70 -203.69
71 -206.20
72 -206.13
73 -206.13
74 -210.68
75 -209.64
76 -209.18
77 -208.81
78 -207.55
79 -206.66
80 -205.78
81 -208.45
82 -209.65
83 -209.46
84 -209.81
85 -210.60
86 -210.77
87 -209.49
88 -209.51
89 -209.38
90 -209.31
91 -208.95
92 -207.38
93 -207.58
94 -207.23
95 -206.63
96 -205.72
97 -204.25
98 -203.46
99 -203.08
100 -203.18
101 -202.15
102 -202.41
103 -201.96
104 -202.62
105 -203.11
106 -204.70
107 -205.96
108 -205.54
109 -205.53
110 -204.61
111 -205.66
112 -204.57
113 -202.98
114 -202.18
115 -202.50
116 -202.54
117 -203.74
118 -204.19
119 -202.79
120 -203.73
121 -203.54
122 -203.95
123 -203.81
124 -202.19
125 -197.94
126 -199.62
127 -201.03
128 -199.71
129 -199.64
130 -198.81
131 -195.42
132 -196.62
133 -196.70
134 -196.70
135 -196.60
136 -195.50
137 -195.10
138 -194.63
139 -194.94
140 -200.12
141 -196.11
142 -200.78
143 -201.25
144 -201.28
145 -197.75
146 -197.25
147 -196.50
148 -194.60
149 -194.11
150 -193.94
151 -193.15
152 -193.44
153 -192.97
154 -192.13
155 -193.22
156 -190.72
157 -189.24
158 -184.78
159 -181.96
160 -182.31
161 -182.37
162 -181.98
163 -177.85
164 -173.26
165 -168.37
166 -168.85
167 -167.67
168 -165.76
169 -163.13
170 -164.40
171 -161.75
172 -160.47
173 -160.57
174 -156.13
175 -154.93
176 -154.80
177 -155.11
178 -154.81
179 -152.67
180 -152.11
181 -148.63
182 -146.36
183 -145.26
184 -143.31
185 -141.16
186 -139.26
187 -136.65
188 -135.77
189 -135.57
190 -134.04
191 -132.63
192 -132.70
193 -132.79
194 -129.47
195 -128.84
196 -127.76
197 -126.09
198 -125.13
199 -122.96
200 -119.94
201 -116.90
202 -114.58
203 -113.45
204 -111.18
205 -109.66
206 -109.81
207 -110.68
208 -108.50
209 -108.11
210 -104.90
211 -102.89
212 -101.60
213 -100.65
214 -99.04
215 -96.65
216 -94.97
217 -95.21
218 -95.37
219 -96.39
220 -96.72
221 -98.21
222 -95.44
223 -94.17
224 -92.45
225 -92.88
226 -90.74
227 -88.82
228 -88.38
229 -88.43
230 -87.61
231 -90.55
232 -88.24
233 -87.43
234 -85.51
235 -84.04
236 -87.28
237 -88.74
238 -86.00
239 -82.43
240 -77.96
241 -77.61
242 -72.84
243 -70.95
244 -70.47
245 -70.60
246 -69.53
247 -67.98
248 -69.39
249 -67.37
250 -66.48
251 -64.97
252 -65.65
253 -66.27
254 -64.85
255 -61.68
256 -61.74
257 -60.82
258 -61.02
259 -60.26
260 -60.54
261 -63.13
262 -65.15
263 -65.00
264 -64.38
265 -63.60
266 -62.89
267 -62.44
268 -64.72
269 -63.54
270 -61.62
271 -60.35
272 -59.55
273 -57.59
274 -56.90
275 -57.21
276 -56.32
277 -55.04
278 -54.24
279 -55.44
280 -55.16
281 -56.86
282 -56.40
283 -56.02
284 -56.15
285 -55.85
286 -55.84
287 -57.18
288 -56.27
289 -53.60
290 -52.55
291 -52.27
292 -51.95
293 -50.06
294 -52.19
295 -51.22
296 -51.28
297 -52.42
298 -52.55
299 -53.91
300 -55.01
301 -55.34
302 -54.93
303 -56.85
304 -57.25
305 -57.95
306 -56.73
307 -53.90
308 -55.38
309 -55.38
310 -55.97
311 -56.87
312 -57.74
313 -57.24
314 -57.71
315 -59.04
316 -58.86
317 -58.80
318 -57.29
319 -56.68
320 -54.36
321 -50.27
322 -52.16
323 -52.57
324 -52.71
325 -52.86
326 -52.28
327 -52.83
328 -53.20
329 -52.48
330 -52.32
331 -48.73
332 -49.18
333 -47.78
334 -47.85
335 -49.05
336 -46.01
337 -45.41
338 -45.65
339 -46.35
340 -45.83
341 -45.31
342 -45.15
343 -44.55
344 -44.15
345 -41.63
346 -41.56
347 -41.06
348 -38.20
349 -38.33
350 -39.01
351 -38.71
352 -36.66
353 -34.69
354 -35.99
355 -36.63
356 -36.05
357 -35.95
358 -35.90
359 -36.88
360 -36.20
361 -33.61
362 -31.93
363 -29.95
364 -27.89
365 -28.70
366 -28.85
367 -28.78
368 -25.63
369 -26.19
370 -26.26
371 -27.13
372 -27.33
373 -27.20
374 -27.22
375 -26.82
376 -26.35
377 -25.59
378 -23.13
379 -23.15
380 -23.09
381 -21.33
382 -19.13
383 -19.00
384 -17.12
385 -17.49
386 -15.95
387 -16.58
388 -17.09
389 -18.36
390 -18.82
391 -19.14
392 -19.50
393 -19.88
394 -19.73
395 -20.00
396 -20.09
397 -20.64
398 -20.87
399 -20.19
400 -20.38
401 -21.35
402 -22.18
403 -18.36
404 -18.56
405 -18.17
406 -17.32
407 -18.12
408 -14.73
409 -14.54
410 -12.07
411 -12.48
412 -11.98
413 -11.17
414 -11.15
415 -10.49
416 -11.46
417 -9.45
418 -8.13
419 -5.74
420 -5.24
421 -7.10
422 -5.03
423 -2.21
424 -2.85
425 0.12
426 2.75
427 4.02
428 3.68
429 3.01
430 2.93
431 5.12
432 5.41
433 6.43
434 9.43
435 11.68
436 13.85
437 17.07
438 19.40
439 20.01
440 22.10
441 23.67
442 25.84
443 28.86
444 28.86
445 28.67
446 31.48
447 34.12
448 36.28
449 36.10
450 35.77
451 35.72
452 34.78
453 36.41
454 36.58
455 36.76
456 38.65
457 38.43
458 40.62
459 39.90
460 43.01
461 46.09
462 48.51
463 48.77
464 48.86
465 49.02
466 50.07
467 50.06
468 51.71
469 53.02
470 55.19
471 57.71
472 60.05
473 62.39
474 61.03
475 63.22
476 65.02
477 66.72
478 67.14
479 69.50
480 70.17
481 73.63
482 72.10
483 72.13
484 73.60
485 77.07
486 75.38
487 77.73
488 80.93
489 84.10
490 83.68
491 86.83
492 87.13
493 88.16
494 89.80
495 92.24
496 94.75
497 96.55
498 99.64
499 101.44
500 102.07
501 105.01
502 106.91
503 103.48
504 105.80
505 107.68
506 108.05
507 110.12
508 108.47
509 110.04
510 109.32
511 112.77
512 112.29
513 114.43
514 115.59
515 113.07
516 114.96
517 116.70
518 117.50
519 116.62
520 115.72
521 118.28
522 117.66
523 117.19
524 118.53
525 116.04
526 112.98
527 114.01
528 115.67
529 116.07
530 118.32
531 118.92
532 120.39
533 120.01
534 120.12
535 120.50
536 120.59
537 120.10
538 119.54
539 122.02
540 122.62
541 121.31
542 119.56
543 116.83
544 119.25
545 119.37
546 119.33
547 118.01
548 116.07
549 117.78
550 119.72
551 119.91
552 123.03
553 122.64
554 124.41
555 127.23
556 128.12
557 128.28
558 128.13
559 131.14
560 127.47
561 127.40
562 125.44
563 125.53
564 125.29
565 127.85
566 128.77
567 131.18
568 131.78
569 132.86
570 130.41
571 129.97
572 129.87
573 129.99
574 133.35
575 133.24
576 133.88
577 133.60
578 132.30
579 132.57
580 131.29
581 130.68
582 132.65
583 135.06
584 131.47
585 130.15
586 132.91
587 132.82
588 132.46
589 131.14
590 133.68
591 130.68
592 133.84
593 135.46
594 136.31
595 134.53
596 134.48
597 135.63
598 135.91
599 133.37
600 135.45
601 133.84
602 135.16
603 138.61
604 138.63
605 137.07
606 139.74
607 138.26
608 136.91
609 138.06
610 138.89
611 137.87
612 140.62
613 140.01
614 140.90
615 145.41
616 145.82
617 144.37
618 142.91
619 143.97
620 145.33
621 146.49
622 145.23
623 145.17
624 146.97
625 149.04
626 151.21
627 151.88
628 152.93
629 154.09
630 154.03
631 153.99
632 155.65
633 155.92
634 155.48
635 153.04
636 152.13
637 150.29
638 150.45
639 148.48
640 149.01
641 148.35
642 150.66
643 153.29
644 153.84
645 153.43
646 152.78
647 153.26
648 155.27
649 156.84
650 157.40
651 159.02
652 156.71
653 157.98
654 156.43
655 156.31
656 155.96
657 156.58
658 157.24
659 157.13
660 157.32
661 157.35
662 159.52
663 159.85
664 156.65
665 155.97
666 156.37
667 156.89
668 155.19
669 155.22
670 157.53
671 157.73
672 155.39
673 153.37
674 153.52
675 153.08
676 151.00
677 149.63
678 149.38
679 146.41
680 149.37
681 149.37
682 149.32
683 149.71
684 149.43
685 150.69
686 150.58
687 150.51
688 149.89
689 149.87
690 149.28
691 151.81
692 151.18
693 150.97
694 151.09
695 152.65
696 153.08
697 152.61
698 151.84
699 155.28
700 154.44
701 152.48
702 152.31
703 151.63
704 151.62
705 151.11
706 150.17
707 151.84
708 153.76
709 153.55
710 153.19
711 152.42
712 145.88
713 146.44
714 146.95
715 147.42
716 147.70
717 146.06
718 146.25
719 145.35
720 146.06
721 145.36
722 147.08
723 146.86
724 146.89
725 146.52
726 147.42
727 147.68
728 147.81
729 146.31
730 145.82
731 146.04
732 145.88
733 146.73
734 145.97
735 148.82
736 149.60
737 152.04
738 151.36
739 152.58
740 151.82
741 154.60
742 154.56
743 154.23
744 154.21
745 155.07
746 154.97
747 154.33
748 154.18
749 153.37
750 154.13
751 155.08
752 157.59
753 156.40
754 156.93
755 156.39
756 156.36
757 157.73
758 157.84
759 158.51
760 160.59
761 160.35
762 160.21
763 160.75
764 162.00
765 162.83
766 162.79
767 162.40
768 163.91
769 163.38
770 163.51
771 164.23
772 166.60
773 168.51
774 168.18
775 168.45
776 170.45
777 172.65
778 173.33
779 176.39
780 176.47
781 176.67
782 176.47
783 172.97
784 176.50
785 176.38
786 176.19
787 173.87
788 174.65
789 175.62
790 176.22
791 174.90
792 175.01
793 175.51
794 175.89
795 176.40
796 176.26
797 177.05
798 177.54
799 176.74
800 177.82
801 180.70
802 180.66
803 180.70
804 180.84
805 183.61
806 184.85
807 185.52
808 186.06
809 186.57
810 186.84
811 188.62
812 194.79
813 194.69
814 194.43
815 194.35
816 193.45
817 196.01
818 196.95
819 197.28
820 198.47
821 198.52
822 199.37
823 200.50
824 199.56
825 200.35
826 197.09
827 197.17
828 196.83
829 199.81
830 200.65
831 197.87
832 197.96
833 194.74
834 195.28
835 195.18
836 194.94
837 195.03
838 196.42
839 193.81
840 193.69
841 193.62
842 193.38
843 193.58
844 192.95
845 192.60
846 192.01
847 192.68
848 190.74
849 190.69
850 187.73
851 187.37
852 185.82
853 186.91
854 188.42
855 188.54
856 188.19
857 187.67
858 186.15
859 185.81
860 186.76
861 187.25
862 188.22
863 187.74
864 190.09
865 187.67
866 188.33
867 188.43
868 185.89
869 187.29
870 187.49
871 187.68
872 188.01
873 188.30
874 189.70
875 190.10
876 190.50
877 190.87
878 190.20
879 189.65
880 187.19
881 186.91
882 186.81
883 189.73
884 189.35
885 188.78
886 189.22
887 192.16
888 191.99
889 191.98
890 192.12
891 193.87
892 193.45
893 193.98
894 193.99
895 194.27
896 194.31
897 194.30
898 194.38
899 194.36
900 194.25
901 194.14
902 193.60
903 193.77
904 194.11
905 194.17
906 193.76
907 194.00
908 194.07
909 193.03
910 193.09
911 192.57
912 193.29
913 192.84
914 193.25
915 193.53
916 195.14
917 195.26
918 195.74
919 196.67
920 196.33
921 196.66
922 196.37
923 195.76
924 196.69
925 197.10
926 197.55
927 197.13
928 197.57
929 196.89
930 196.77
931 198.65
932 197.98
933 199.90
934 200.50
935 200.56
936 201.65
937 201.88
938 198.97
939 202.35
940 202.84
941 203.01
942 204.23
943 203.81
944 203.80
945 203.16
946 204.34
947 204.78
948 206.62
949 206.88
950 210.07
951 209.87
952 210.91
953 210.97
954 211.81
955 210.65
956 210.76
957 211.70
958 213.09
959 213.59
960 213.75
961 213.68
962 213.22
963 213.45
964 213.76
965 215.96
966 215.63
967 215.23
968 217.62
969 216.64
970 216.69
971 216.47
972 216.57
973 215.78
974 215.58
975 216.10
976 216.30
977 215.04
978 216.21
979 216.97
980 215.61
981 216.37
982 216.09
983 216.15
984 216.09
985 215.82
986 215.68
987 214.90
988 215.56
989 215.34
990 214.87
991 214.85
992 212.98
993 213.20
994 210.14
995 209.50
996 208.70
997 208.45
998 208.22
999 209.00
1000 208.26
1001 208.77
1002 209.52
1003 209.70
1004 209.34
1005 209.52
1006 209.76
1007 210.00
1008 210.00
1009 210.88
1010 209.00
1011 209.01
1012 208.71
1013 209.46
1014 209.67
1015 209.51
1016 209.07
1017 209.24
1018 209.72
1019 209.59
1020 206.29
1021 203.62
1022 203.80
1023 204.31
1024 204.38
1025 203.59
1026 206.61
1027 206.95
1028 206.72
1029 207.19
1030 207.29
1031 208.15
1032 208.46
1033 209.15
1034 208.88
1035 208.74
1036 208.34
1037 205.59
1038 208.62
1039 208.87
1040 208.52
1041 208.28
1042 207.93
1043 208.56
1044 208.60
1045 209.39
1046 209.20
1047 209.66
1048 209.98
1049 207.70
1050 207.62
1051 207.64
1052 207.84
1053 207.89
1054 206.57
1055 205.36
1056 205.79
1057 205.87
1058 203.51
1059 203.51
1060 203.39
1061 202.91
1062 203.01
1063 202.81
1064 202.26
1065 200.52
1066 200.72
1067 201.40
1068 201.99
1069 202.38
1070 202.83
1071 203.31
1072 200.28
1073 200.65
1074 199.46
1075 197.24
1076 196.83
1077 195.66
1078 195.60
1079 195.57
1080 200.08
1081 199.18
1082 199.77
1083 198.00
1084 197.87
1085 198.56
1086 195.98
1087 196.51
1088 196.59
1089 194.18
1090 194.55
1091 194.08
1092 196.66
1093 193.53
1094 196.32
1095 196.72
1096 195.24
1097 195.66
1098 196.02
1099 192.71
1100 193.64
1101 193.00
1102 192.58
1103 192.27
1104 192.81
1105 192.86
1106 190.22
1107 190.09
1108 189.72
1109 189.54
1110 191.70
1111 188.83
1112 186.97
1113 186.52
1114 186.31
1115 186.18
1116 186.52
1117 186.30
1118 185.57
1119 182.71
1120 183.66
1121 186.53
1122 185.94
1123 183.34
1124 183.55
1125 184.30
1126 183.90
1127 184.10
1128 183.74
1129 183.27
1130 183.67
1131 181.38
1132 178.35
1133 175.93
1134 176.19
1135 176.57
1136 176.94
1137 179.01
1138 179.06
1139 178.79
1140 179.26
1141 176.94
1142 174.18
1143 171.42
1144 172.03
1145 171.10
1146 169.16
1147 169.14
1148 166.84
1149 166.45
1150 166.40
1151 166.99
1152 167.08
1153 165.01
1154 164.20
1155 164.78
1156 163.76
1157 163.44
1158 165.89
1159 163.44
1160 163.64
1161 163.89
1162 161.03
1163 159.42
1164 159.55
1165 159.33
1166 156.27
1167 153.88
1168 152.67
1169 152.89
1170 149.80
1171 149.78
1172 150.30
1173 149.89
1174 148.14
1175 150.07
1176 150.37
1177 152.80
1178 152.44
1179 152.35
1180 152.08
1181 150.42
1182 149.93
1183 151.71
1184 152.64
1185 153.00
1186 155.49
1187 153.14
1188 153.05
1189 155.69
1190 156.13
1191 156.54
1192 153.93
1193 154.33
1194 154.32
1195 154.11
1196 156.57
1197 156.30
1198 156.32
1199 157.00
1200 154.04
1201 154.20
1202 153.99
1203 151.74
1204 148.90
1205 149.06
1206 150.81
1207 150.86
1208 148.33
1209 148.29
1210 146.04
1211 149.45
1212 151.95
1213 149.56
1214 149.46
1215 149.28
1216 149.18
1217 149.42
1218 149.68
1219 152.80
1220 155.05
1221 154.71
1222 152.70
1223 154.95
1224 152.65
1225 152.25
1226 149.46
1227 149.44
1228 149.74
1229 150.57
1230 149.72
1231 149.67
1232 152.78
1233 153.15
1234 151.03
1235 148.72
1236 147.35
1237 147.77
1238 147.91
1239 145.64
1240 142.99
1241 145.92
1242 148.66
1243 148.88
1244 148.09
1245 149.04
1246 150.98
1247 150.74
1248 153.19
1249 156.55
1250 156.75
1251 156.47
1252 156.53
1253 155.80
1254 154.86
1255 157.39
1256 158.11
1257 158.11
1258 158.07
1259 161.00
1260 160.90
1261 158.45
1262 161.07
1263 163.13
1264 162.84
1265 165.34
1266 168.23
1267 167.89
1268 166.89
1269 166.71
1270 169.91
1271 166.76
1272 169.13
1273 169.31
1274 171.70
1275 169.43
1276 169.24
1277 168.92
1278 169.44
1279 169.45
1280 169.56
1281 171.60
1282 172.57
1283 173.21
1284 173.14
1285 172.51
1286 172.74
1287 173.48
1288 173.32
1289 173.10
1290 172.32
1291 171.78
1292 172.41
1293 172.42
1294 172.37
1295 172.28
1296 172.02
1297 169.78
1298 169.33
1299 171.91
1300 173.89
1301 174.08
1302 174.34
1303 176.19
1304 177.60
1305 177.49
1306 177.80
1307 177.27
1308 180.45
1309 180.56
1310 182.95
1311 180.28
1312 179.79
1313 182.32
1314 182.43
1315 182.69
1316 182.69
1317 181.56
1318 181.92
1319 182.01
1320 181.53
1321 181.57
1322 184.43
1323 184.53
1324 186.96
1325 187.54
1326 189.89
1327 189.58
1328 190.01
1329 189.56
1330 189.54
1331 191.73
1332 191.97
1333 193.66
1334 195.82
1335 196.91
1336 198.28
1337 198.11
1338 197.73
1339 199.92
1340 202.98
1341 202.48
1342 202.63
1343 205.65
1344 206.72
1345 206.43
1346 206.44
1347 206.59
1348 206.72
1349 206.58
1350 206.18
1351 206.09
1352 205.55
1353 208.18
1354 211.24
1355 211.53
1356 211.90
1357 212.28
1358 211.88
1359 211.57
1360 211.37
1361 213.11
1362 213.42
1363 213.58
1364 214.27
1365 214.26
1366 213.56
1367 215.91
1368 218.13
1369 216.05
1370 214.66
1371 217.59
1372 216.13
1373 216.68
1374 216.53
1375 215.09
1376 214.27
1377 214.30
1378 213.94
1379 214.08
1380 214.02
1381 214.26
1382 213.39
1383 210.69
1384 209.86
1385 210.25
1386 210.50
1387 212.31
1388 211.72
1389 211.71
1390 211.53
1391 211.84
1392 213.61
1393 215.83
1394 216.02
1395 215.83
1396 215.98
1397 217.98
1398 217.13
1399 216.83
1400 217.72
1401 217.00
1402 217.64
1403 218.35
1404 219.67
1405 219.81
1406 220.17
1407 220.87
1408 220.63
1409 218.36
1410 218.00
1411 220.46
1412 220.40
1413 219.57
1414 219.73
1415 219.91
1416 220.11
1417 221.13
1418 220.98
1419 220.67
1420 221.09
1421 221.15
1422 220.83
1423 221.24
1424 220.87
1425 220.01
1426 220.45
1427 217.65
1428 216.79
1429 217.41
1430 217.45
1431 217.56
1432 217.20
1433 217.50
1434 217.37
1435 218.37
1436 218.17
1437 218.66
1438 218.37
1439 218.55
1440 218.06
1441 218.67
1442 217.95
1443 217.58
1444 215.39
1445 215.66
1446 215.53
1447 215.40
1448 214.41
1449 214.35
1450 214.50
1451 214.15
1452 214.88
1453 215.09
1454 215.21
1455 214.56
1456 214.54
1457 214.79
1458 213.24
1459 213.34
1460 214.05
1461 215.37
1462 215.24
1463 214.87
1464 214.44
1465 214.51
1466 215.70
1467 216.18
1468 216.20
1469 217.32
1470 218.25
1471 218.35
1472 217.18
1473 217.25
1474 217.18
1475 221.00
1476 221.76
1477 222.36
1478 222.40
1479 222.68
1480 221.82
1481 222.00
1482 222.36
1483 221.63
1484 222.29
1485 221.74
1486 221.66
1487 221.37
1488 221.87
1489 222.25
1490 222.65
1491 222.84
1492 223.10
1493 223.09
1494 223.34
1495 223.29
1496 223.19
1497 223.30
1498 224.37
1499 224.72
1500 224.61
