1 -280.79
2 -398.89
3 -397.29
4 -322.23
5 -274.33
6 -246.59
7 -225.19
8 -211.55
9 -210.51
10 -200.29
11 -200.21
12 -223.50
13 -212.86
14 -219.89
15 -210.96
16 -217.68
17 -212.55
18 -202.13
19 -197.32
20 -191.89
21 -193.66
22 -195.94
23 -198.88
24 -200.55
25 -198.77
26 -195.87
27 -195.34
28 -191.29
29 -192.26
30 -191.20
31 -189.24
32 -188.39
33 -187.54
34 -194.96
35 -191.83
36 -190.42
37 -192.25
38 -197.74
39 -195.28
40 -192.59
41 -192.24
42 -191.04
43 -192.82
44 -191.70
45 -194.10
46 -192.56
47 -195.72
48 -191.94
49 -188.25
50 -189.89
51 -187.37
52 -186.45
53 -184.91
54 -186.39
55 -184.58
56 -184.24
57 -187.82
58 -186.29
59 -188.61
60 -187.90
61 -190.92
62 -193.06
63 -194.24
64 -195.68
65 -193.24
66 -192.53
67 -191.94
68 -191.43
69 -190.45
70 -188.80
71 -189.73
72 -189.57
73 -188.36
74 -187.10
75 -186.30
76 -187.63
77 -186.68
78 -187.85
79 -187.98
80 -186.01
81 -184.26
82 -183.95
83 -183.67
84 -184.17
85 -183.96
86 -182.25
87 -182.16
88 -181.30
89 -181.14
90 -182.95
91 -182.36
92 -181.49
93 -179.84
94 -178.27
95 -178.30
96 -176.83
97 -176.27
98 -175.34
99 -174.58
100 -175.22
101 -172.33
102 -169.67
103 -168.25
104 -167.89
105 -168.28
106 -169.18
107 -168.89
108 -169.08
109 -169.03
110 -170.31
111 -170.68
112 -166.88
113 -167.76
114 -165.74
115 -165.44
116 -162.98
117 -164.30
118 -165.44
119 -165.23
120 -165.51
121 -164.71
122 -164.78
123 -163.15
124 -162.29
125 -161.51
126 -162.29
127 -162.91
128 -163.52
129 -162.46
130 -161.91
131 -161.93
132 -161.23
133 -160.88
134 -156.56
135 -157.46
136 -157.08
137 -156.09
138 -153.08
139 -154.58
140 -154.48
141 -154.33
142 -154.24
143 -152.02
144 -151.32
145 -150.09
146 -150.15
147 -147.81
148 -148.34
149 -149.14
150 -146.23
151 -146.67
152 -147.66
153 -147.70
154 -147.52
155 -148.29
156 -146.91
157 -145.58
158 -144.84
159 -141.75
160 -141.16
161 -139.06
162 -136.46
163 -134.77
164 -132.47
165 -133.10
166 -135.82
167 -136.66
168 -135.46
169 -134.76
170 -136.17
171 -134.02
172 -133.39
173 -132.96
174 -133.05
175 -133.00
176 -130.36
177 -129.66
178 -127.01
179 -125.56
180 -126.13
181 -126.00
182 -124.93
183 -124.06
184 -122.09
185 -121.39
186 -123.52
187 -122.44
188 -122.74
189 -121.83
190 -118.62
191 -117.33
192 -117.96
193 -118.51
194 -119.25
195 -118.79
196 -118.58
197 -118.93
198 -118.34
199 -117.89
200 -115.57
201 -117.30
202 -116.09
203 -113.74
204 -114.76
205 -114.56
206 -113.13
207 -112.75
208 -111.72
209 -112.87
210 -111.01
211 -108.61
212 -107.77
213 -108.51
214 -107.75
215 -107.68
216 -106.89
217 -104.92
218 -106.25
219 -105.07
220 -103.92
221 -102.51
222 -99.88
223 -98.91
224 -99.03
225 -99.13
226 -97.26
227 -94.75
228 -93.04
229 -92.19
230 -90.79
231 -90.67
232 -89.37
233 -88.09
234 -89.25
235 -90.91
236 -89.84
237 -88.77
238 -87.66
239 -84.54
240 -82.99
241 -81.66
242 -80.81
243 -82.58
244 -81.24
245 -80.60
246 -79.68
247 -77.20
248 -77.02
249 -76.41
250 -76.08
251 -74.57
252 -72.75
253 -72.52
254 -70.61
255 -68.43
256 -67.58
257 -62.94
258 -64.42
259 -65.24
260 -65.32
261 -64.05
262 -64.25
263 -64.64
264 -65.35
265 -65.04
266 -60.84
267 -56.20
268 -56.43
269 -56.74
270 -54.23
271 -53.81
272 -52.98
273 -52.64
274 -52.62
275 -51.58
276 -51.27
277 -50.70
278 -50.53
279 -49.87
280 -49.98
281 -49.86
282 -50.67
283 -50.18
284 -50.23
285 -50.04
286 -47.50
287 -47.14
288 -46.69
289 -46.26
290 -46.28
291 -46.75
292 -46.56
293 -45.87
294 -45.58
295 -44.82
296 -44.93
297 -43.33
298 -43.11
299 -42.51
300 -43.08
301 -41.62
302 -40.36
303 -40.99
304 -39.45
305 -38.74
306 -38.86
307 -38.93
308 -38.63
309 -35.69
310 -35.79
311 -38.48
312 -38.42
313 -35.96
314 -36.25
315 -36.06
316 -36.00
317 -35.67
318 -33.15
319 -33.45
320 -34.21
321 -34.14
322 -35.10
323 -35.23
324 -34.34
325 -33.33
326 -33.52
327 -33.93
328 -34.02
329 -33.83
330 -34.11
331 -33.86
332 -34.35
333 -34.75
334 -33.85
335 -31.03
336 -31.51
337 -31.01
338 -31.83
339 -32.48
340 -33.32
341 -33.52
342 -33.20
343 -31.17
344 -31.91
345 -30.85
346 -30.61
347 -32.16
348 -32.27
349 -32.30
350 -33.05
351 -33.98
352 -33.61
353 -33.05
354 -30.66
355 -31.47
356 -31.67
357 -34.05
358 -33.30
359 -32.41
360 -31.62
361 -31.39
362 -31.24
363 -28.04
364 -27.12
365 -26.75
366 -27.27
367 -29.50
368 -28.38
369 -27.69
370 -28.19
371 -27.00
372 -27.04
373 -27.46
374 -26.82
375 -26.59
376 -26.69
377 -27.38
378 -27.55
379 -27.92
380 -27.86
381 -26.43
382 -25.49
383 -25.45
384 -24.71
385 -22.83
386 -23.20
387 -22.39
388 -21.41
389 -21.19
390 -20.97
391 -20.82
392 -19.65
393 -19.64
394 -19.24
395 -18.68
396 -19.39
397 -19.56
398 -19.42
399 -20.09
400 -20.47
401 -20.56
402 -20.64
403 -20.28
404 -20.39
405 -20.23
406 -18.21
407 -17.78
408 -18.15
409 -17.77
410 -16.07
411 -13.73
412 -13.89
413 -14.13
414 -13.57
415 -13.76
416 -13.91
417 -13.64
418 -13.67
419 -13.55
420 -12.88
421 -12.50
422 -11.91
423 -11.75
424 -9.51
425 -9.52
426 -8.11
427 -5.79
428 -4.00
429 -2.03
430 0.52
431 3.27
432 3.21
433 5.23
434 6.70
435 7.14
436 9.43
437 11.15
438 13.38
439 15.08
440 15.09
441 16.94
442 18.84
443 20.99
444 23.38
445 25.04
446 25.71
447 25.94
448 28.40
449 29.28
450 30.17
451 33.04
452 35.18
453 37.29
454 37.41
455 39.10
456 40.49
457 40.53
458 42.98
459 44.90
460 44.55
461 47.03
462 47.68
463 47.56
464 50.52
465 52.12
466 54.39
467 56.09
468 57.02
469 57.12
470 57.31
471 57.77
472 58.03
473 60.41
474 62.73
475 62.59
476 64.51
477 66.46
478 68.44
479 70.36
480 73.18
481 73.75
482 73.29
483 73.31
484 73.86
485 74.22
486 73.34
487 73.52
488 72.95
489 75.40
490 76.53
491 78.50
492 79.02
493 81.11
494 81.31
495 81.11
496 83.93
497 85.84
498 87.44
499 89.27
500 91.71
501 94.19
502 96.13
503 98.46
504 98.54
505 100.86
506 101.67
507 103.35
508 105.65
509 107.29
510 107.89
511 107.46
512 109.64
513 111.54
514 114.06
515 116.38
516 118.88
517 120.85
518 122.72
519 123.87
520 125.81
521 127.42
522 129.60
523 131.84
524 132.72
525 134.77
526 133.39
527 133.91
528 133.56
529 133.82
530 132.46
531 132.25
532 134.99
533 134.68
534 135.24
535 135.20
536 134.64
537 135.11
538 135.52
539 135.77
540 138.29
541 138.78
542 139.60
543 139.97
544 139.77
545 140.59
546 142.56
547 144.57
548 144.61
549 146.38
550 146.67
551 147.10
552 146.92
553 146.96
554 147.14
555 148.01
556 145.88
557 148.08
558 146.30
559 146.51
560 149.05
561 148.50
562 150.88
563 149.06
564 148.89
565 150.16
566 150.43
567 151.12
568 151.86
569 154.40
570 156.78
571 157.46
572 159.98
573 160.68
574 161.36
575 162.40
576 162.23
577 162.85
578 163.51
579 164.30
580 163.90
581 164.56
582 167.78
583 170.10
584 172.02
585 172.53
586 176.06
587 176.67
588 179.73
589 179.96
590 181.48
591 182.16
592 184.02
593 184.20
594 186.21
595 188.27
596 185.70
597 185.82
598 186.77
599 187.09
600 185.60
601 185.96
602 186.29
603 186.62
604 189.35
605 189.45
606 187.13
607 185.09
608 185.75
609 186.50
610 187.28
611 190.62
612 190.65
613 191.53
614 191.42
615 192.07
616 192.52
617 190.56
618 191.10
619 192.33
620 193.00
621 193.03
622 193.49
623 193.40
624 192.97
625 191.03
626 194.15
627 191.87
628 192.81
629 190.45
630 189.87
631 190.19
632 188.01
633 188.93
634 189.58
635 192.07
636 192.86
637 192.30
638 192.51
639 192.41
640 192.02
641 191.64
642 191.40
643 191.75
644 189.83
645 189.85
646 190.00
647 190.41
648 191.11
649 191.41
650 192.86
651 189.86
652 190.53
653 190.94
654 191.63
655 189.25
656 191.87
657 192.56
658 195.41
659 193.52
660 193.95
661 194.84
662 195.17
663 197.41
664 194.68
665 194.24
666 194.08
667 194.10
668 192.22
669 192.43
670 192.60
671 192.95
672 191.15
673 191.52
674 191.32
675 192.98
676 193.54
677 193.50
678 193.45
679 193.38
680 194.30
681 194.24
682 194.77
683 193.05
684 192.31
685 190.07
686 190.13
687 191.40
688 191.52
689 191.39
690 188.80
691 188.44
692 186.69
693 187.34
694 187.47
695 188.21
696 191.55
697 192.22
698 191.95
699 190.08
700 192.27
701 192.15
702 192.62
703 192.59
704 192.37
705 192.65
706 193.39
707 196.38
708 196.05
709 196.12
710 196.32
711 196.26
712 196.37
713 193.82
714 191.80
715 191.67
716 188.49
717 191.37
718 191.85
719 192.14
720 192.24
721 193.15
722 191.13
723 191.55
724 191.51
725 193.80
726 193.41
727 195.39
728 195.57
729 198.00
730 199.89
731 200.08
732 199.24
733 200.04
734 199.56
735 199.72
736 199.95
737 200.56
738 200.38
739 200.67
740 201.63
741 202.72
742 202.61
743 202.78
744 205.18
745 204.84
746 204.60
747 204.57
748 204.86
749 204.75
750 204.83
751 207.41
752 207.09
753 207.03
754 206.38
755 208.97
756 209.05
757 208.90
758 208.83
759 211.51
760 211.58
761 209.08
762 209.01
763 209.58
764 212.30
765 212.50
766 210.42
767 210.57
768 212.58
769 212.32
770 212.52
771 213.02
772 213.04
773 212.74
774 212.38
775 212.02
776 212.44
777 213.31
778 213.61
779 213.73
780 213.97
781 212.38
782 211.89
783 214.03
784 211.61
785 214.09
786 213.61
787 213.35
788 213.52
789 213.96
790 214.32
791 214.96
792 216.80
793 216.86
794 217.73
795 217.44
796 217.45
797 217.70
798 215.94
799 219.07
800 219.50
801 219.44
802 219.43
803 220.14
804 218.00
805 218.02
806 220.27
807 220.33
808 220.49
809 218.34
810 218.10
811 218.40
812 218.60
813 221.19
814 222.77
815 223.25
816 225.95
817 225.68
818 225.63
819 225.36
820 225.47
821 225.24
822 227.43
823 227.24
824 227.83
825 227.55
826 227.56
827 227.43
828 226.92
829 226.26
830 226.05
831 226.92
832 229.69
833 229.03
834 229.23
835 229.35
836 229.87
837 229.89
838 230.74
839 231.26
840 230.71
841 230.79
842 231.35
843 230.65
844 228.40
845 228.99
846 227.17
847 227.38
848 226.99
849 227.05
850 224.43
851 224.11
852 224.61
853 222.58
854 222.81
855 222.58
856 222.63
857 222.46
858 221.85
859 221.79
860 221.77
861 224.44
862 224.33
863 223.73
864 223.83
865 224.33
866 227.22
867 226.87
868 226.67
869 227.04
870 226.76
871 223.53
872 225.54
873 225.84
874 226.04
875 226.21
876 225.46
877 225.26
878 225.37
879 223.06
880 222.98
881 224.94
882 224.84
883 224.07
884 226.80
885 227.30
886 228.36
887 228.60
888 228.18
889 227.49
890 229.82
891 229.61
892 229.93
893 229.79
894 229.73
895 229.44
896 229.33
897 229.21
898 230.94
899 229.16
900 228.87
901 228.83
902 226.88
903 225.86
904 228.37
905 228.43
906 228.21
907 228.38
908 228.86
909 228.89
910 229.17
911 228.72
912 226.80
913 227.06
914 225.69
915 225.65
916 226.00
917 226.40
918 226.29
919 226.14
920 225.45
921 225.23
922 225.17
923 225.00
924 224.91
925 225.14
926 225.50
927 226.24
928 226.38
929 227.71
930 227.85
931 227.94
932 228.31
933 228.58
934 228.68
935 228.83
936 228.85
937 229.16
938 228.81
939 228.81
940 228.48
941 227.99
942 227.38
943 228.10
944 230.63
945 230.94
946 232.88
947 232.84
948 230.69
949 230.35
950 233.34
951 231.84
952 229.44
953 231.79
954 232.57
955 232.81
956 230.53
957 231.06
958 231.63
959 231.39
960 231.46
961 228.24
962 228.61
963 228.82
964 228.74
965 226.23
966 226.24
967 226.36
968 227.06
969 226.97
970 227.32
971 229.86
972 229.81
973 229.56
974 230.08
975 230.52
976 229.20
977 229.37
978 228.77
979 231.00
980 230.99
981 230.56
982 230.64
983 231.42
984 231.68
985 229.31
986 228.92
987 228.33
988 228.67
989 228.97
990 228.72
991 228.37
992 226.17
993 224.03
994 224.06
995 225.21
996 225.33
997 225.04
998 225.66
999 225.08
1000 223.49
1001 223.47
1002 225.56
1003 226.10
1004 226.24
1005 226.01
1006 225.86
1007 222.96
1008 222.80
1009 224.53
1010 224.43
1011 224.37
1012 226.60
1013 225.90
1014 227.63
1015 227.80
1016 224.61
1017 224.80
1018 223.13
1019 220.66
1020 220.70
1021 219.35
1022 219.63
1023 220.23
1024 220.30
1025 220.04
1026 219.29
1027 219.17
1028 219.61
1029 219.34
1030 220.02
1031 219.70
1032 219.80
1033 219.57
1034 220.17
1035 217.82
1036 217.25
1037 215.36
1038 215.76
1039 215.19
1040 215.00
1041 215.21
1042 215.37
1043 214.88
1044 214.78
1045 214.13
1046 213.89
1047 213.93
1048 215.88
1049 215.64
1050 215.13
1051 217.56
1052 220.08
1053 219.81
1054 219.11
1055 219.13
1056 221.13
1057 220.89
1058 221.19
1059 220.56
1060 220.22
1061 222.76
1062 222.96
1063 223.30
1064 223.29
1065 225.54
1066 225.54
1067 223.62
1068 223.44
1069 223.65
1070 218.75
1071 218.76
1072 218.57
1073 218.31
1074 218.07
1075 217.57
1076 219.56
1077 219.51
1078 219.79
1079 220.02
1080 220.42
1081 220.69
1082 220.51
1083 220.32
1084 219.67
1085 221.82
1086 222.11
1087 222.83
1088 222.88
1089 223.14
1090 222.98
1091 223.92
1092 224.00
1093 225.96
1094 225.92
1095 225.00
1096 225.11
1097 225.09
1098 224.73
1099 227.38
1100 227.28
1101 227.67
1102 227.38
1103 227.25
1104 226.94
1105 227.43
1106 227.68
1107 229.77
1108 230.11
1109 230.31
1110 230.46
1111 230.45
1112 228.30
1113 229.05
1114 229.73
1115 228.95
1116 232.33
1117 231.81
1118 233.83
1119 233.57
1120 231.07
1121 232.71
1122 232.22
1123 229.70
1124 229.62
1125 229.91
1126 230.37
1127 230.29
1128 230.23
1129 230.13
1130 229.65
1131 229.54
1132 229.67
1133 229.50
1134 229.60
1135 231.81
1136 232.45
1137 234.45
1138 231.31
1139 231.58
1140 232.56
1141 232.53
1142 233.03
1143 233.27
1144 232.78
1145 233.02
1146 233.54
1147 233.66
1148 234.16
1149 235.02
1150 234.97
1151 234.06
1152 233.46
1153 233.96
1154 233.07
1155 231.30
1156 232.10
1157 231.60
1158 228.30
1159 228.63
1160 229.05
1161 229.62
1162 228.86
1163 228.66
1164 228.64
1165 228.84
1166 228.91
1167 231.25
1168 231.35
1169 230.81
1170 235.57
1171 235.42
1172 233.56
1173 233.37
1174 233.49
1175 233.16
1176 233.03
1177 232.68
1178 232.10
1179 231.66
1180 231.27
1181 230.78
1182 231.41
1183 231.59
1184 232.09
1185 232.19
1186 231.94
1187 232.08
1188 232.00
1189 231.70
1190 231.82
1191 231.14
1192 233.12
1193 233.10
1194 232.37
1195 230.47
1196 230.15
1197 230.55
1198 230.53
1199 230.11
1200 228.06
1201 228.44
1202 229.12
1203 229.38
1204 229.29
1205 229.18
1206 229.07
1207 229.82
1208 229.23
1209 229.40
1210 229.19
1211 229.64
1212 229.98
1213 229.45
1214 229.21
1215 229.79
1216 229.36
1217 227.41
1218 227.22
1219 230.24
1220 233.46
1221 231.01
1222 231.17
1223 233.37
1224 233.71
1225 233.99
1226 234.11
1227 234.11
1228 234.08
1229 234.25
1230 234.31
1231 234.18
1232 233.36
1233 233.97
1234 233.86
1235 233.82
1236 233.69
1237 233.45
1238 236.30
1239 236.44
1240 235.77
1241 236.06
1242 235.31
1243 234.98
1244 235.66
1245 235.77
1246 235.60
1247 233.66
1248 233.73
1249 233.29
1250 233.69
1251 233.76
1252 233.96
1253 234.15
1254 235.37
1255 237.26
1256 236.79
1257 237.51
1258 237.46
1259 238.01
1260 237.97
1261 237.78
1262 237.75
1263 237.97
1264 238.02
1265 234.85
1266 235.15
1267 234.75
1268 234.65
1269 234.51
1270 232.04
1271 229.56
1272 231.67
1273 231.82
1274 230.50
1275 230.93
1276 231.33
1277 228.54
1278 229.34
1279 229.56
1280 227.69
1281 227.30
1282 227.27
1283 227.74
1284 227.77
1285 227.79
1286 227.81
1287 227.67
1288 227.52
1289 225.83
1290 226.18
1291 226.56
1292 226.92
1293 227.02
1294 227.35
1295 229.89
1296 230.33
1297 230.22
1298 230.17
1299 229.88
1300 233.65
1301 233.05
1302 232.64
1303 232.43
1304 232.69
1305 232.36
1306 232.06
1307 231.42
1308 231.70
1309 231.42
1310 231.47
1311 231.14
1312 233.01
1313 233.24
1314 233.31
1315 233.17
1316 232.89
1317 230.38
1318 230.06
1319 230.12
1320 229.03
1321 231.35
1322 231.35
1323 231.41
1324 231.36
1325 230.98
1326 231.16
1327 231.31
1328 231.30
1329 231.17
1330 231.03
1331 230.57
1332 231.30
1333 231.00
1334 230.85
1335 230.86
1336 230.94
1337 230.83
1338 230.92
1339 230.94
1340 231.27
1341 231.56
1342 232.24
1343 232.42
1344 232.36
1345 232.35
1346 232.20
1347 233.82
1348 233.51
1349 233.55
1350 233.45
1351 233.55
1352 234.10
1353 233.85
1354 233.27
1355 233.27
1356 233.59
1357 233.55
1358 236.70
1359 236.52
1360 236.35
1361 235.48
1362 235.73
1363 235.52
1364 235.79
1365 239.01
1366 238.59
1367 238.42
1368 238.35
1369 238.65
1370 241.00
1371 243.87
1372 243.73
1373 244.15
1374 245.31
1375 245.45
1376 245.03
1377 248.38
1378 248.16
1379 248.15
1380 249.94
1381 250.11
1382 250.16
1383 249.83
1384 249.88
1385 250.07
1386 250.04
1387 249.44
1388 249.35
1389 251.13
1390 250.91
1391 251.00
1392 251.18
1393 248.59
1394 248.97
1395 248.85
1396 248.55
1397 248.47
1398 248.07
1399 248.03
1400 248.40
1401 248.77
1402 248.84
1403 249.05
1404 248.78
1405 248.65
1406 249.02
1407 245.53
1408 245.17
1409 245.53
1410 245.49
1411 245.85
1412 246.01
1413 245.78
1414 245.69
1415 245.63
1416 246.11
1417 250.58
1418 250.87
1419 250.56
1420 249.86
1421 249.85
1422 249.75
1423 249.93
1424 249.92
1425 250.32
1426 249.91
1427 249.87
1428 249.88
1429 250.40
1430 249.91
1431 250.44
1432 249.93
1433 249.96
1434 249.50
1435 249.42
1436 249.22
1437 249.42
1438 249.66
1439 249.94
1440 249.68
1441 249.48
1442 249.11
1443 248.78
1444 248.11
1445 248.25
1446 248.31
1447 248.15
1448 248.43
1449 248.66
1450 247.36
1451 247.85
1452 247.56
1453 247.51
1454 247.73
1455 247.22
1456 246.93
1457 246.48
1458 246.29
1459 246.42
1460 246.01
1461 246.63
1462 246.41
1463 246.86
1464 245.95
1465 242.00
1466 242.21
1467 242.75
1468 243.15
1469 243.07
1470 243.19
1471 243.08
1472 243.55
1473 243.05
1474 243.22
1475 242.99
1476 242.68
1477 242.43
1478 242.48
1479 242.90
1480 243.08
1481 243.32
1482 243.16
1483 242.90
1484 242.70
1485 242.67
1486 242.66
1487 243.53
1488 243.79
1489 243.61
1490 243.94
1491 244.11
1492 243.35
1493 245.94
1494 245.70
1495 245.62
1496 245.29
1497 245.66
1498 245.69
1499 246.07
1500 246.18
